0.1	0.00340588	8.981784470338026e-06	2.2055717023975924e-05	0.00024315631421040703	0.06296476059031947	-21.57520266213168
0.1	0.00340588	1.4386320767452555e-05	6.198768063937633e-07	0.0006553122222462559	0.12313030152338982	-20.58533602301005
0.1	0.00340588	1.1122011552443067e-05	1.044588476331979e-06	0.0006029266708467286	0.10923784324097555	-20.836982313117446
0.1	0.00340588	3.2640367901612618e-06	3.611929384510028e-05	0.00030397026216501195	0.06191303403141918	-22.556925125434173
0.1	0.00340588	3.48991787887067e-05	4.891543249197107e-06	0.0002475872689383435	0.07999328946454534	-19.955528546709214
0.1	0.00340588	1.3801326803956955e-05	1.5736994789058586e-05	0.0002326971474188956	0.06452915805481334	-21.027020353616898
0.1	0.00340588	1.9954317044042995e-05	3.090364170962843e-05	0.00016466590494179572	0.062023275768315254	-21.164408273046977
0.1	0.00340588	3.6768564928418774e-05	1.8717674646033568e-05	0.0001569241481471201	0.06361280702345952	-20.258444139111315
0.1	0.00340588	5.736000666639089e-06	1.1047790606419576e-05	0.0003557076882202365	0.0680322218671032	-21.63111781491931
0.1	0.00340588	5.058721115514322e-06	1.3323843726083238e-06	0.0007283094975335207	0.10429316134670262	-21.60214999783364
0.1	0.00340588	5.219524734945486e-05	9.595018771664123e-07	0.00036962632689402955	0.1111349623975473	-19.31671049768385
0.1	0.00340588	1.4641480919716757e-05	1.2172529634273477e-06	0.0005230135420154979	0.10576164506488761	-20.586566175172877
0.1	0.00340588	2.519470130563762e-05	6.53533123137937e-07	0.0005343905880918854	0.12156342313047712	-20.031978293840748
0.1	0.00340588	3.0313605903988546e-06	4.6838447613300916e-07	0.0012113217229298395	0.1323536530181044	-22.100231015124614
0.1	0.00340588	3.471935074847063e-05	7.789836735078839e-06	0.0002129740788491011	0.0717119862107186	-19.965462793692556
0.1	0.00340588	6.006082392192626e-06	4.600630391443207e-05	0.00022367573650978784	0.061454214386127706	-22.370533423935566
0.1	0.00340588	4.227952110600516e-06	1.2242102089417793e-06	0.0007958742234624447	0.1061587164112391	-21.757115094038866
0.1	0.00340588	1.0695929755311456e-05	3.473148169209479e-05	0.00019774983089568078	0.061794440196015814	-21.758099294542284
0.1	0.00340588	4.405578157784769e-06	2.684789852761484e-07	0.0012763501222766485	0.15276075427897703	-21.838562227577338
0.1	0.00340588	6.991400526064067e-06	2.5430360497234893e-05	0.0002544723475529903	0.06254311879315912	-21.855296520016598
0.1	0.00340588	2.28838637898527e-05	1.5212764958109368e-06	0.0004185136994962118	0.10122606450891483	-20.191277609588514
0.1	0.00340588	5.319624631039241e-06	3.148859634046826e-05	0.0002632501571874353	0.06205886130281116	-22.184025344058313
0.1	0.00340588	4.7573908461783415e-06	1.845179213486462e-05	0.00032413338478293934	0.06402057736892518	-21.948372124629387
0.1	0.00340588	6.859815859327698e-06	1.727046768765842e-07	0.0012705656922037906	0.17333285613928145	-21.52387834398386
0.1	0.00340588	1.1893016606382112e-05	1.2325571867335328e-06	0.0005586415897176545	0.10554273928842389	-20.788541503979026
0.1	0.00340588	5.126791262085748e-06	1.4749839600356867e-06	0.0007018004633360091	0.1023067384928329	-21.603345992831716
0.1	0.00340588	6.1020282246615675e-06	1.8168524242028334e-05	0.00029728273987350594	0.06397102590322078	-21.76019734021721
0.1	0.00340588	4.669880391233772e-05	6.1805194685789185e-06	0.00020784695543903749	0.07551251112450244	-19.669676156582288
0.1	0.00340588	4.255511929818579e-05	3.594990309551086e-06	0.0002562016329822808	0.08591671642187475	-19.75688448903327
0.1	0.00340588	2.7184503283657074e-06	2.1809829654476812e-07	0.001607014148703898	0.162217582872415	-22.348524626927286
0.1	0.00340588	3.696447985673584e-06	2.3014963430967686e-07	0.0014232909464553512	0.15954677185682886	-22.042495595598798
0.1	0.00340588	2.953549369185532e-05	6.7617108289657885e-06	0.00023563810937072752	0.07403923163382063	-20.111144704043724
0.1	0.00340588	4.158510032878068e-06	1.3508217944187302e-06	0.0007757008843087924	0.10415257520992478	-21.781705928239088
0.1	0.00340588	6.322527042632019e-05	8.806166821854456e-07	0.00035673604740989087	0.35692876521812533	-24.99809447741576
0.1	0.00340588	1.9565874831754144e-05	1.4622591029341506e-05	0.0002110742656652858	0.06495658654445056	-20.684177081138575
0.1	0.00340588	1.3341720655602103e-05	7.249545013532919e-07	0.0006386656012466063	0.11861754773827958	-20.65396221776961
0.1	0.00340588	5.614698685780072e-05	2.407143468314037e-07	0.0005691497689915015	0.15815049056222416	-19.344077540735928
0.1	0.00340588	6.50405962170479e-06	1.6680349239640308e-06	0.000621916523001964	0.09993083369837136	-21.40483172666035
0.1	0.00340588	1.834574183450679e-05	7.180154373868364e-06	0.0002718491770511868	0.07320831972037138	-20.561154920215728
0.1	0.00340588	8.172862566060012e-06	1.3407494439171468e-06	0.0006172255230481979	0.1039375119904639	-21.155988233628243
0.1	0.00340588	2.3314291113904447e-05	1.9838061603284433e-07	0.0008105684556438553	0.16687574394423704	-20.270290363644524
0.1	0.00340588	4.2757192443123895e-06	2.763870362276955e-05	0.00029750762905537574	0.062445458620452546	-22.24028082373674
0.1	0.00340588	5.3366998203861844e-05	1.924573282623135e-06	0.00029168689656921756	0.09692165618137738	-19.41677735970943
0.1	0.00340588	2.753711850474583e-05	9.158671352406304e-07	0.0004644814686537697	0.11231294991533414	-19.946029906986247
0.1	0.00340588	5.305885814746233e-06	3.419720056318539e-06	0.0005303940199411545	0.08790031696530981	-21.706633816128925
0.1	0.00340588	4.378253894892871e-05	3.310021000236898e-05	0.00012283585667908174	0.12412096504095356	-24.966945839704046
0.1	0.00340588	6.481080026714597e-06	9.526805880859676e-06	0.00035686381184639286	0.0697218932928191	-21.50793482725772
0.1	0.00340588	3.898940806595952e-06	4.241769678602402e-06	0.0005522258901898753	0.08431906372428512	-21.97580871151138
0.1	0.00340588	2.864600706759696e-05	4.424204388059073e-05	0.00012937429008583746	0.061607843739000516	-21.150216473979892
0.1	0.00340588	9.46146290397864e-06	1.5368293274584007e-06	0.0005619474954158061	0.10125156831209442	-21.040377576581278
0.1	0.00340588	5.213211375430911e-05	2.2648836912342613e-06	0.00027861823161062457	0.09413860956489369	-19.48051213830074
0.1	0.00340588	4.466192007758868e-06	3.444256280807301e-05	0.00027344837632535643	0.06191713028645585	-22.352202800353357
0.1	0.00340588	5.126139966104476e-05	2.595578086624694e-07	0.0005720926279898548	0.15475063816724396	-19.419613122307503
0.1	0.00340588	6.282342886690036e-06	1.7398785324276474e-06	0.0006208910786462826	0.09920704992996837	-21.44473020084401
0.1	0.00340588	1.994550158456316e-05	7.600716861218723e-07	0.0005498107196152092	0.11726674425139955	-20.260016975676972
0.1	0.00340588	4.7896733117028175e-06	4.6106089211888245e-05	0.00024346215411694648	0.061474361173807224	-22.50807962446823
0.1	0.00340588	5.167052901097332e-06	2.281598338503516e-05	0.0002941975111232546	0.06300468842316795	-22.003007243162354
0.1	0.00340588	1.901538032801916e-05	6.0045402239628975e-06	0.0002846321201767311	0.07632848950364284	-20.528464751838133
0.1	0.00340588	8.127972354548346e-06	4.906727437588241e-06	0.00040726879399500805	0.08074490175086826	-21.324608963261102
0.1	0.00340588	8.050750241789432e-06	5.641774359141478e-06	0.00039074480697985544	0.07808896990622415	-21.32359942871287
0.1	0.00340588	1.654037618224543e-05	3.0490484697641807e-06	0.0003722423952391697	0.08925521269261617	-20.649998546510165
0.1	0.00340588	4.0694560454826314e-05	8.872742009038415e-06	0.00019341545964398585	0.06984335043724767	-19.833248789796976
0.1	0.00340588	5.55196807293899e-06	2.394687902776748e-07	0.0012257322110233435	0.15764222610810563	-21.641214793889155
0.1	0.00340588	3.929541394773549e-06	1.9312681488707867e-07	0.0014759532610132092	0.1677688795615094	-22.031321287563472
0.1	0.00340588	1.858743997068748e-05	4.8511953471667e-06	0.000307527891831837	0.08041302664439993	-20.557799644003214
0.1	0.00340588	8.981482007020513e-06	6.038350378822685e-07	0.0007736425728130253	0.12396371156017005	-21.045684574159864
0.1	0.00340588	4.528548303713004e-05	6.472934142193291e-06	0.00020685221311550288	0.2121686182938716	-24.91061587222758
0.1	0.00340588	1.6121522444312947e-05	2.4397232329291727e-07	0.0008555724521772776	0.15704382335536188	-20.586682928766372
0.1	0.00340588	1.6213966872619642e-05	1.714716641592669e-05	0.0002139822416812769	0.06400231348492763	-20.934535839894885
0.1	0.00340588	3.1193456261327044e-05	1.6685251083978673e-06	0.0003660052487720616	0.37396771103243315	-24.916425672019965
0.1	0.00340588	7.397795790757727e-05	2.74653281217976e-07	0.0004974957324985475	0.5009282894157104	-24.975521237541425
0.1	0.00340588	4.430148060641914e-06	6.131564851863667e-07	0.000976828713779293	0.1237554866327258	-21.720791290912707
0.1	0.00340588	7.3138063071416776e-06	8.77489310957183e-07	0.0007346620306959613	0.1136302731193194	-21.232768655673578
0.1	0.00340588	1.2499017734734815e-05	1.6647701962984726e-06	0.0004983422452632109	0.09971386080333221	-20.791324123247552
0.1	0.00340588	8.354831373731714e-06	2.140454500304648e-07	0.0011095727866742308	0.16278409021447401	-21.269719540796487
0.1	0.00340588	6.330300902784704e-06	4.88821526270805e-07	0.0009315104968364498	0.13059402574036544	-21.39865874013559
0.1	0.00340588	5.348912922912048e-06	1.403163441196165e-05	0.0003383551912215684	0.06579024639397889	-21.74941816554396
0.1	0.00340588	6.0811296070631984e-06	4.173522738497259e-07	0.0009934488314834438	0.1358793546580602	-21.454703297468644
0.1	0.00340588	3.159322769162923e-05	2.1851777291069042e-05	0.00015715962471495395	0.06298056300522904	-20.50206004902824
0.1	0.00340588	2.7864284741216067e-06	3.5738322429387982e-06	0.0006570386404111891	0.0878811357030247	-22.255807181402478
0.1	0.00340588	4.363697932287662e-05	1.9328773958430255e-05	0.00014650691944599712	0.0635203542327639	-20.123180408864865
0.1	0.00340588	3.176589630712748e-05	2.3987728236557858e-05	0.00015219238619767014	0.06269023812193773	-20.56506836111515
0.1	0.00340588	3.0161333203026312e-05	4.6207227356415754e-06	0.0002650169435110966	0.08115432028004102	-20.097338033341206
0.1	0.00340588	1.9249955868285126e-05	2.204355788767168e-06	0.00039300346923292026	0.09312624138073466	-20.3731079825482
0.1	0.00340588	5.094253496342306e-06	8.257198729989119e-06	0.0004068467287240007	0.07200467067163606	-21.70191089919598
0.1	0.00340588	2.907150366240537e-05	5.287368820371284e-06	0.0002567561817686672	0.07854633821289805	-20.12939436392912
0.1	0.00340588	6.830421807521357e-05	2.1863104107491986e-07	0.0005507651586811303	0.1627147628462314	-19.169471081653064
0.1	0.00340588	6.571383411382291e-06	1.4425315078934153e-05	0.00031131164636106194	0.06542996393279941	-21.59979658496644
0.1	0.00340588	2.7700687229109977e-06	1.4246932181614494e-05	0.0004294877807693381	0.06629855672817322	-22.227419408393537
0.1	0.00340588	1.7049970826666154e-05	1.1962427272571751e-05	0.00023622438359373823	0.06660891132761736	-20.721395679135433
0.1	0.00340588	5.9030398931107934e-06	1.2868384200149521e-05	0.00033553218652057463	0.0664651296035966	-21.64465921344645
0.1	0.00340588	1.4041104860417324e-05	1.9747699834689418e-06	0.00045318903148591273	0.09671663940069604	-20.719336597334586
0.1	0.00340588	1.02841591203878e-05	3.9522602649836397e-07	0.0008485567283504198	0.13775733099350557	-20.948726018414266
0.1	0.00340588	5.346655853733468e-06	7.103754154244977e-07	0.0008744518559247857	0.119444235794096	-21.533625126000167
0.1	0.00340588	7.18505692854029e-06	5.265988816615645e-06	0.000415633596137851	0.07950382605089645	-21.430523194950904
0.1	0.00340588	3.4481468785293457e-06	4.741581386660294e-05	0.00027403014534613875	0.06149281990735324	-22.70095568414341
0.1	0.00340588	9.474677230735268e-06	9.503164854471039e-06	0.0003122825765779496	0.0694510913868113	-21.181944500872753
0.1	0.00340588	3.238187123893178e-06	2.2038836047485895e-05	0.00035436367750502155	0.06338859361943767	-22.287766507234313
0.1	0.00340588	6.661418417919248e-06	1.3566893645067316e-06	0.000659129575416018	0.1037864656781459	-21.349700758532954
0.1	0.00340588	6.97838217746667e-06	2.453560626379495e-06	0.0005363231533931377	0.09339196784441695	-21.4180456740618
0.1	0.00340588	3.644085101550645e-05	7.723343530416668e-07	0.0004473871137203677	0.11681895667401714	-19.66543518581575
0.1	0.00340588	1.227590026799656e-05	5.524424615561047e-07	0.0007172658155679427	0.12663263011187192	-20.746815492788283
0.1	0.00340588	2.4875984943042258e-05	7.21668698290825e-07	0.0005195285121328811	0.1187109732936698	-20.042614457429387
0.1	0.00340588	5.1131918132606095e-06	3.672816371081713e-05	0.0002547391778085809	0.06177516456985919	-22.312568462531296
0.1	0.00340588	1.4061434730547557e-05	3.753407119679888e-05	0.00017499038596646894	0.061684020058881836	-21.604865867229044
0.1	0.00340588	2.63597442681081e-05	2.215799771938724e-05	0.00016648377551848514	0.06290407649416649	-20.67359817840399
0.1	0.00340588	4.949651471384976e-06	4.31861812536533e-06	0.0005046726741576943	0.08369175077701492	-21.7699349108937
0.1	0.00340588	8.481038207218699e-06	2.3784484917821595e-07	0.0010668035043511098	0.1579612861893456	-21.229132327942633
0.1	0.00340588	1.9741583769362016e-05	6.057358691482111e-07	0.0005941707007180695	0.12381728560312769	-20.275128983656654
0.1	0.00340588	6.892957488065881e-06	3.0687375231605335e-05	0.0002411320751447596	0.062064875800064805	-21.991166640523005
0.1	0.00340588	2.836387142791062e-05	9.844513312549601e-07	0.0004491433450628655	0.11051459608206805	-19.921099989897588
0.1	0.00340588	7.089632286710444e-06	2.4556590643657234e-05	0.00025598575817891236	0.06264805342034556	-21.822646523001488
0.1	0.00340588	2.3636316139563555e-05	2.3445235059550705e-06	0.0003594385753024023	0.09369672911025713	-20.259317032179755
0.1	0.00340588	3.286694338195954e-05	1.1159680539491858e-05	0.0001929419099366271	0.06718952492009468	-20.09591725092916
0.1	0.00340588	2.7272331860973878e-05	2.0221062356964913e-05	0.00016949714068780093	0.06324089740407848	-20.579912822877834
0.1	0.00340588	8.17698050648275e-05	2.6240374718506887e-07	0.0004886183922618649	0.488618396217651	-24.999999971546217
0.1	0.00340588	3.673707529563773e-05	7.924391253302776e-06	0.0002077709910548217	0.07144530477138754	-19.913474607430246
0.1	0.00340588	2.497978402878362e-05	8.054701452466688e-06	0.0002356111804324634	0.2400951956161363	-24.929092579704196
0.1	0.00340588	3.1538249517386924e-05	8.216312512318489e-06	0.00021623171129277975	0.07093801838401848	-20.062760448963964
0.1	0.00340588	5.915127202957083e-06	3.4395280875152837e-07	0.0010672780216650479	0.14284519743067986	-21.508526055999237
0.1	0.00340588	4.3471645104085627e-05	9.288270457761104e-06	0.00018633586199800519	0.19115942800260055	-24.910470771226777
0.1	0.00340588	2.923416781305256e-06	1.5188718825818441e-06	0.0008448860819487641	0.10221143653765796	-22.106357688895873
0.1	0.00340588	6.685540118596719e-06	2.1216336815455903e-06	0.0005702652577265811	0.09581762688867693	-21.428404642266727
0.1	0.00340588	3.443735105912572e-06	7.750262039210487e-07	0.0009877018181780155	0.11732234361540061	-21.94092188481874
0.1	0.00340588	9.11402900476446e-06	1.4101795317762041e-05	0.00027895465670151905	0.06543044382254266	-21.326443717195904
0.1	0.00340588	1.1412193832515256e-05	4.2768937905860675e-07	0.0007987709256859492	0.13498594222514354	-20.838380383992757
0.1	0.00340588	2.3812026908413108e-05	1.0288623850763251e-06	0.000469372468943803	0.10947195191963789	-20.095825659773233
0.1	0.00340588	6.784675114702785e-06	4.579079573721242e-06	0.0004434291515263321	0.08224038273955214	-21.490295831648773
0.1	0.00340588	1.0299361488749342e-05	2.631846539158377e-06	0.00045879632834096474	0.09201391050421869	-21.072247524021382
0.1	0.00340588	1.9190503826357093e-05	1.7306104858828527e-06	0.00042571816273950883	0.09891510120551612	-20.389708683977428
0.1	0.00340588	4.355807652507529e-05	1.9934096007602793e-05	0.00014513228063555092	0.06339602809738053	-20.145949895783136
0.1	0.00340588	1.8991256280162678e-05	1.3463583033824168e-05	0.0002190370509366778	0.0655689885455545	-20.67207402649174
0.1	0.00340588	3.759757889465811e-06	6.252400280688604e-06	0.0004953167788454642	0.0771241720991194	-21.97047408452968
0.1	0.00340588	3.346655220931938e-05	5.598057542163465e-06	0.00024026264078030939	0.07741281444343673	-19.992562510235395
0.1	0.00340588	2.392041326533256e-05	2.0166742905821596e-07	0.000799388265685124	0.16608036380926178	-20.240412649248544
0.1	0.00340588	2.034458341424804e-05	4.4656096077921175e-07	0.0006499029358033263	0.13355219565377718	-20.264340118400952
0.1	0.00340588	1.6029914819889328e-05	6.85788151633453e-07	0.0006116278900965712	0.12017574405237717	-20.475651519561453
0.1	0.00340588	1.2531486727554519e-05	5.753502665056117e-07	0.0007030061798944468	0.125381147786029	-20.724355509424885
0.1	0.00340588	2.9397565815539377e-05	2.3741380462347874e-05	0.00015681400633876729	0.06270455141376127	-20.626579491400225
0.1	0.00340588	2.9983607339725296e-05	1.3875634223210254e-05	0.00018543563914214932	0.06531158868541448	-20.271994758984924
0.1	0.00340588	2.234262114163619e-05	7.09866096874737e-07	0.0005413525334404164	0.11917574887289448	-20.148925215211936
0.1	0.00340588	8.650792465102297e-06	2.65102109165638e-05	0.0002324964751568821	0.06238413362739548	-21.724757363543883
0.1	0.00340588	2.927882661463436e-06	9.22600257831225e-07	0.0009882485385404685	0.11296017956695824	-22.08201828966897
0.1	0.00340588	1.7524659131672227e-05	6.164509354384147e-07	0.0006147159858737265	0.12329412004002728	-20.391499787820358
0.1	0.00340588	1.0938836744488389e-05	3.453906898775334e-05	0.0001965093263958632	0.061803023743395503	-21.736725395519343
0.1	0.00340588	5.166989768920136e-05	6.583697950828925e-07	0.0004198048598208893	0.12138396890713733	-19.31979305631067
0.1	0.00340588	3.487428345514766e-05	1.4575345056088427e-05	0.00017332879737273868	0.06497797138291643	-20.15801957144609
0.1	0.00340588	2.6625210526255002e-05	4.768991241363625e-06	0.0002736174494988103	0.27855180782081046	-24.932295101540245
0.1	0.00340588	3.0838019296634994e-05	2.2178141766317886e-05	0.000157706838753803	0.06292621002745279	-20.534359212014845
0.1	0.00340588	6.591563939931892e-06	2.188857730427618e-05	0.0002725640970255839	0.06307653516569893	-21.805389215318147
0.1	0.00340588	4.894766154123051e-05	4.8867010728201115e-06	0.00022097188319626808	0.0799247825098685	-19.62687585588624
0.1	0.00340588	1.5117706182021816e-05	7.932990547833648e-07	0.0005947983545105955	0.11612296576952173	-20.53122421180526
0.1	0.00340588	6.76201897359222e-05	4.235540631006464e-07	0.0004440800103729257	0.45447729197840864	-24.916783723177158
0.1	0.00340588	4.026986210472516e-05	4.5634226617281943e-07	0.0005145498193597272	0.5400227376475121	-24.810717162708784
0.1	0.00340588	2.8746199337159412e-06	3.067596550217722e-06	0.0006814650590372064	0.09045872703837556	-22.222277716832114
0.1	0.00340588	4.663524354908207e-05	3.045143995651111e-06	0.00026237108680649375	0.08897618969763292	-19.648870560501422
0.1	0.00340588	2.9467113342442874e-05	8.51277108612815e-06	0.0002187352533067523	0.07044621370858413	-20.131813065078504
0.1	0.00340588	1.5276120740605625e-05	1.6445830535522944e-06	0.0004674828386621276	0.09987606012536779	-20.597446670305835
0.1	0.00340588	5.897075715827926e-05	3.3146065187325953e-07	0.0005039049181111615	0.14467172839670342	-19.237182502952216
0.1	0.00340588	5.602331562077689e-06	3.242618097136814e-06	0.0005293195111465362	0.08879747101694561	-21.654707193674657
0.1	0.00340588	1.2853570454486171e-05	8.597574056444205e-07	0.0006118059308589242	0.11401578306339684	-20.689513072508152
0.1	0.00340588	2.5789128244120096e-05	4.3775777636325146e-07	0.0006046640041761449	0.13426839825572073	-20.030771317759406
0.1	0.00340588	2.601435194544667e-05	3.837142277728493e-05	0.00014005661740714448	0.06173674560847691	-21.11288106123258
0.1	0.00340588	2.3952539514367752e-05	2.721990052134725e-07	0.0007240167601076497	0.15239904165608564	-20.171125845505017
0.1	0.00340588	1.4417519909931485e-05	3.864064067784145e-07	0.00076382407477145	0.13857005719720952	-20.620089396732077
0.1	0.00340588	2.7631428064373316e-05	4.566210888662054e-06	0.0002740669940620538	0.08141862548712361	-20.18172626176312
0.1	0.00340588	2.795637094259444e-05	8.686939665911508e-07	0.00047023281870999266	0.1136731000824913	-19.929106658869838
0.1	0.00340588	9.55996768687518e-06	3.3643584263965636e-06	0.000434765572302557	0.08774566939286435	-21.174256383193402
0.1	0.00340588	8.673307139077978e-06	1.0138883999399928e-05	0.0003155337131013589	0.06870188268287199	-21.269056145147157
0.1	0.00340588	6.867726302824706e-06	1.4636058450488946e-05	0.000304997153080768	0.06529361951595346	-21.570763486282452
0.1	0.00340588	1.8822753315396316e-05	5.316265752876664e-07	0.0006300029256910589	0.1278480047045882	-20.328309748100956
0.1	0.00340588	2.763247586670606e-06	7.072729930738421e-07	0.0010967062614636654	0.12002407865335256	-22.1470671073444
0.1	0.00340588	5.1989413332137685e-06	1.6015637670930543e-05	0.00032796029792465573	0.06482665452207657	-21.820863576358033
0.1	0.00340588	1.8245731541451424e-05	9.252079384806961e-07	0.0005312163825665833	0.11208720709706071	-20.350376694524826
0.1	0.00340588	3.7182794208745233e-06	5.0338045616456465e-06	0.0005322330572143108	0.08117191681576853	-22.00389360553063
0.1	0.00340588	2.7991834775046875e-05	2.3552879587320965e-05	0.00015988772003308767	0.06271953487344137	-20.66429223878922
0.1	0.00340588	9.209384123908785e-06	1.7266780225395429e-07	0.0011523962314635519	0.17342269053955506	-21.23427583407131
0.1	0.00340588	6.471723312033145e-06	3.9551140998168694e-07	0.0009899804537754874	0.13774418909006525	-21.40130647011832
0.1	0.00340588	2.4454733909381957e-05	2.670463475656522e-05	0.00016083911097001887	0.062360430067279225	-20.876922277592783
0.1	0.00340588	2.2411934192642297e-05	1.7568814983474357e-07	0.0008547717818017055	0.17302418269890474	-20.34358700985958
0.1	0.00340588	4.1766263147997865e-05	1.9617967700421743e-05	0.00014798609498844814	0.1516616044602465	-24.916893404723712
0.1	0.00340588	1.2617073390880802e-05	5.03035608016373e-06	0.00034711288067219327	0.07993714275830408	-20.91931579450579
0.1	0.00340588	1.0758574851855332e-05	1.468395232339653e-06	0.0005459999679990304	0.10206397507625704	-20.910491865025616
0.1	0.00340588	7.191992788859257e-05	1.6469193151196079e-07	0.0005947997966112057	0.17719543809411906	-19.195402104971453
0.1	0.00340588	4.688381935222854e-05	1.3453301172953389e-05	0.00016092349833833456	0.16263060867923587	-24.964285906742838
0.1	0.00340588	5.058764919824406e-06	2.3467667327146236e-06	0.0006079909237336463	0.0943354741050386	-21.699295796640687
0.1	0.00340588	2.6832977634524865e-05	1.0082857266766525e-06	0.00045397664614462146	0.10994144148216503	-19.977295778358815
0.1	0.00340588	4.0082443073005585e-06	2.0578611434973255e-07	0.0014361867977888262	0.1646939039533331	-21.994407002774768
0.1	0.00340588	7.763949896907224e-06	5.043733626912365e-07	0.0008612683688298604	0.12955718119729534	-21.19759385061615
0.1	0.00340588	4.4923903579061965e-05	5.341590645652545e-06	0.0002208975229334183	0.07822701782829218	-19.708781787589608
0.1	0.00340588	1.4192478023975779e-05	3.448685201646935e-06	0.00037675731137349743	0.08707820512599926	-20.80782604307078
0.1	0.00340588	8.734852499162491e-06	1.0766695575190384e-05	0.0003087398920955994	0.06799567524182902	-21.27544301563326
0.1	0.00340588	9.42360438687335e-06	4.573179182746485e-06	0.0003957765485079765	0.08198214296461312	-21.1936310589347
0.1	0.00340588	5.7866182086766935e-06	1.1854805173881976e-06	0.0007220959886330978	0.10664439733020599	-21.466237511073345
0.1	0.00340588	6.444535879662674e-06	1.7336715223399339e-06	0.0006161891363612155	0.09925546088534684	-21.420689707647135
0.1	0.00340588	7.155359363913288e-06	8.521612230977153e-07	0.000747144445402063	0.11439444806163454	-21.25357288065905
0.1	0.00340588	3.627033716663524e-05	1.4127130445728675e-05	0.00017277923404743564	0.06519703091628322	-20.105637020602313
0.1	0.00340588	1.2795143263906023e-05	4.473571354859411e-05	0.00017114998530349943	0.06147474357178929	-21.817968854582595
0.1	0.00340588	1.763785960445547e-05	8.643026881649111e-07	0.0005493292422627483	0.11383187327152852	-20.38157866020762
0.1	0.00340588	5.26031794672711e-06	2.9762179563909522e-05	0.00026902484734225336	0.06218961527300141	-22.15437264591523
0.1	0.00340588	1.8234442424777232e-05	1.9013787917154812e-07	0.0008913694451646122	0.16885480245839773	-20.527105967253135
0.1	0.00340588	2.3445966708396594e-05	6.445982896369871e-07	0.0005498037627646741	0.12196553741018819	-20.103492303439968
0.1	0.00340588	8.691961678667767e-06	2.5913860083751567e-07	0.0010290450273124742	0.1542128193959616	-21.18582556065028
0.1	0.00340588	1.9715066365210663e-05	9.392432929653332e-07	0.0005151089082092709	0.11170405470924312	-20.275036098235592
0.1	0.00340588	1.7146620128532392e-05	1.3779600332046313e-05	0.0002252180689151747	0.06540726798451353	-20.773417338958666
0.1	0.00340588	4.369829539372818e-06	1.480761858065698e-05	0.00035816961217853733	0.06551894807477313	-21.92029783409582
0.1	0.00340588	2.3620359376025738e-05	5.126163519016557e-07	0.0005911662969799437	0.12901965980243216	-20.106355267079618
0.1	0.00340588	8.367163682426213e-06	4.194497003364712e-06	0.000424014359056093	0.08373461895100547	-21.304249437411592
0.1	0.00340588	2.5437623881063612e-05	1.8647708270502103e-07	0.0008038044017604987	0.1700132409029775	-20.20028837539311
0.1	0.00340588	9.520694266023867e-06	2.065645278187503e-05	0.00024315870739599567	0.06320972852483273	-21.488684967768304
0.1	0.00340588	9.224348230012475e-06	4.952642994584874e-07	0.0008176976609230571	0.13010727060768748	-21.032385023532974
0.1	0.00340588	9.476245699976507e-06	4.018403306720887e-05	0.00019727091229506394	0.06158830011794908	-21.95924584186985
0.1	0.00340588	2.956210889620217e-06	4.318684018229451e-06	0.0006063399261982549	0.08439616443943344	-22.20465027652206
0.1	0.00340588	2.675081484914925e-06	3.16914405477387e-05	0.00034177610346153786	0.062275968463667675	-22.580869392171575
0.1	0.00340588	4.165746201530384e-06	3.0588047177229023e-06	0.0005981278834647131	0.09008674211219836	-21.908585426337215
0.1	0.00340588	2.2807825179598212e-05	6.031227936464957e-07	0.0005670812023695475	0.12394925713099166	-20.132965730249108
0.1	0.00340588	4.463771051226644e-05	8.848651696844034e-06	0.00018762988376640273	0.18763341722210408	-24.99993499434511
0.1	0.00340588	3.7837515473795136e-05	1.6876809721836764e-07	0.0007288302350481333	0.17544616830393214	-19.83268563153703
0.1	0.00340588	8.545532584653523e-06	3.013008946058504e-06	0.0004682442033953901	0.08978551179516292	-21.265503652574296
0.1	0.00340588	2.9111242730029662e-05	1.9865750840378817e-07	0.0007529500720706544	0.16691468590867492	-20.048470241203024
0.1	0.00340588	3.6278027229575552e-06	3.447896952779625e-07	0.0012571387134460402	0.14293644751015558	-21.975766747596378
0.1	0.00340588	1.6536785849145772e-05	1.9225302452708078e-05	0.00020482633542984394	0.06343871633066556	-20.98600994945773
0.1	0.00340588	3.4450798889222506e-05	2.1706926559567338e-07	0.0006918041294753745	0.16271514350379887	-19.857459145968615
0.1	0.00340588	8.743172549192181e-06	3.888862493139227e-06	0.00042790313016594225	0.08513422998649645	-21.263902096062647
0.1	0.00340588	2.618500066258901e-06	5.099398881660735e-07	0.0012395706251103137	0.12975689097536391	-22.22505425040504
0.1	0.00340588	6.284634249780663e-05	3.248074652248229e-07	0.0004967344755512769	0.1454921014298366	-19.1761936667394
0.1	0.00340588	3.609605056224132e-06	1.2504817826173684e-05	0.00040498451037203944	0.06719392347276486	-22.01410347280892
0.1	0.00340588	4.0772178923992046e-05	5.257927557236265e-07	0.000489113716883664	0.12827168508503176	-19.56234529043562
0.1	0.00340588	3.531951257187061e-06	4.690330032563991e-06	0.0005542669854699091	0.08257977207050798	-22.052974128610842
0.1	0.00340588	2.693348111469233e-05	5.049172556503547e-06	0.0002675043728962143	0.07946526447973144	-20.203985627979844
0.1	0.00340588	3.725487658848153e-06	1.8594282847600755e-06	0.0007280632932895251	0.09840963852454095	-21.926952815957538
0.1	0.00340588	4.844972809722008e-06	5.499359324375839e-07	0.0009813137667668767	0.12698726096679386	-21.64459523900306
0.1	0.00340588	3.8079763720015843e-05	2.70701785799639e-06	0.00029197280873865725	0.0911203176967716	-19.826717024264333
0.1	0.00340588	2.9186720014721478e-05	2.676786796321183e-06	0.0003205587331744267	0.3269836885634719	-24.923704598721898
0.1	0.00340588	6.066716500137131e-05	7.660456524180762e-07	0.0003786436863947469	0.11706746561832239	-19.159428382750555
0.1	0.00340588	1.178470683892204e-05	5.577442636007349e-06	0.0003437067120791332	0.07800589396187625	-20.97656894204799
0.1	0.00340588	2.8963806000958518e-05	8.819803795371181e-06	0.0002174917074194887	0.06996274217492576	-20.153682450689054
0.1	0.00340588	5.344676228600833e-06	5.643957884290166e-07	0.0009414914914116199	0.1261534061943627	-21.54901006595907
0.1	0.00340588	2.4092454204984956e-05	2.007532299716261e-07	0.0007986932087093986	0.16630618944019018	-20.234462994521802
0.1	0.00340588	6.420377465850882e-06	7.259885549349157e-06	0.00039031222965722474	0.07380266777891614	-21.507826063266418
0.1	0.00340588	2.886813029679086e-05	1.0998042199065111e-05	0.00020261835809183887	0.06734461830835922	-20.211692268748646
0.1	0.00340588	2.8091706077554446e-05	6.961107945103579e-07	0.0005048619607704295	0.11974121396400769	-19.92269986299465
0.1	0.00340588	2.821874429619067e-06	6.924652538070952e-07	0.0010961334064819948	0.12059454204698851	-22.129536796246693
0.1	0.00340588	1.7883580432253705e-05	6.995323030168986e-07	0.0005858657793695458	0.1195997581981247	-20.368128296250504
0.1	0.00340588	5.238341888870931e-06	2.1572808696610125e-07	0.0012928970719045967	0.16239592328921915	-21.72354624631756
0.1	0.00340588	4.487023395550806e-06	3.7339175139577684e-06	0.0005470331341656751	0.0864804710358662	-21.856387997804724
0.1	0.00340588	2.8012841828160426e-05	3.691094982481457e-05	0.000138231493388908	0.06180265798866079	-21.017055241319383
0.1	0.00340588	3.7889909489789145e-06	1.3873549577241999e-05	0.0003851980878414318	0.0661788944715981	-22.004038503771568
0.1	0.00340588	4.140413062844216e-05	2.6995557118556495e-07	0.0006060091955525511	0.6205441608357523	-24.90732002175
0.1	0.00340588	5.220101576435988e-05	5.431938832160514e-06	0.0002088614183111374	0.2097726387249101	-24.98503608846618
0.1	0.00340588	3.728439701222086e-05	1.6255886598063648e-05	0.0001635167396551984	0.06431805261316044	-20.157515515232028
0.1	0.00340588	4.266661779630973e-05	9.626062581657164e-06	0.0001853390390259809	0.19127705602447725	-24.889047499243297
0.1	0.00340588	5.463211145018037e-06	6.427556651768225e-07	0.0008963858238846678	0.12228110326987172	-21.518830958067763
0.1	0.00340588	8.692518151957497e-06	2.9591700176973277e-07	0.0009856151626372093	0.1486471281707622	-21.158013246231707
0.1	0.00340588	2.9006236693064824e-06	2.658392454887452e-07	0.001474752422090727	0.153428199953167	-22.237792078189702
0.1	0.00340588	4.505920834760627e-05	1.6655243118358973e-07	0.000691138634167238	0.7076725706718152	-24.907614168174682
0.1	0.00340588	1.0397522893997387e-05	5.701858411477346e-07	0.0007504411583923388	0.12567415693350054	-20.906923336198638
0.1	0.00340588	6.111977763422549e-06	2.802101508501154e-07	0.0011280445679580772	0.1509103439882107	-21.51357804895083
0.1	0.00340588	1.3853336907433125e-05	2.49054420526514e-06	0.0004221871109894109	0.09282471381992333	-20.783824522227082
0.1	0.00340588	3.8750983087600075e-05	1.9850827197030974e-06	0.00032147426741113884	0.09643332870793961	-19.737835676602835
0.1	0.00340588	2.81384768826137e-06	2.6772817272293094e-07	0.001486677361442372	0.1531572740870067	-22.264707201544134
0.1	0.00340588	2.4152921066488652e-05	3.0279747335888084e-06	0.00032821317797819197	0.08925747761616575	-20.28563221754036
0.1	0.00340588	4.212310388343205e-05	2.2446818263708164e-06	0.00030017598644233967	0.09432413619867039	-19.68705338643724
0.1	0.00340588	3.2228001986304047e-06	2.0399156617189265e-06	0.0007438543374208916	0.09699551507954703	-22.068492506205224
0.1	0.00340588	3.494165848111553e-05	4.210965094046342e-06	0.00025994964325131066	0.08292316877545775	-19.955388137985356
0.1	0.00340588	3.0458131961593054e-06	3.2891839438299835e-06	0.0006531568857932784	0.08920002648931774	-22.17935668051564
0.1	0.00340588	2.4639694579413803e-05	6.448796407515541e-07	0.0005407174776732428	0.12195431140112661	-20.054378990576755
0.1	0.00340588	1.0692965075687364e-05	2.908510106687392e-06	0.0004385309760662233	0.09027690524246046	-21.05389024613046
0.1	0.00340588	2.507701706258934e-06	2.39031171308975e-07	0.0016036450064075658	0.15815122889372607	-22.400197688209275
0.1	0.00340588	2.308715971853686e-05	1.3823348233523116e-05	0.000203046891189157	0.0653447397582244	-20.508354828448194
0.1	0.00340588	2.0139924387601866e-05	3.9723205341970165e-05	0.00015142065697460827	0.0616486241758648	-21.357783794467736
0.1	0.00340588	6.744237677728216e-06	1.21654265511023e-06	0.0006797513957441859	0.10601714584117164	-21.325603072192926
0.1	0.00340588	6.964607864746708e-06	4.389685061586448e-06	0.00044537798610129524	0.08302411631497984	-21.46857692286867
0.1	0.00340588	6.359960595323874e-06	1.0916785978991433e-05	0.0003441028389213825	0.06807858933668792	-21.544039174584373
0.1	0.00340588	3.104069386015929e-05	4.0633983379326086e-07	0.0005826792340764097	0.13690218988896843	-19.85380721379097
0.1	0.00340588	3.616652579649816e-05	3.3542945639304206e-05	0.0001305696082712459	0.06200917234477839	-20.71445291922742
0.1	0.00340588	3.7354902750123494e-06	5.684263995074424e-06	0.0005114964890342887	0.07888468239474554	-21.98699042031185
0.1	0.00340588	1.1867071028862129e-05	4.72902612529878e-05	0.0001727682739564466	0.06141823379314431	-21.919472300036492
0.1	0.00340588	2.9568516716316177e-05	8.691361361862569e-07	0.0004614314851447542	0.11365668924758933	-19.874010630332577
0.1	0.00340588	2.6859253741862484e-05	2.0760650414481218e-07	0.0007620709630115998	0.16472315246958064	-20.117388472497257
0.1	0.00340588	5.353740803083484e-06	4.677236888197982e-07	0.0009994909574881819	0.1320775626664939	-21.564248507681235
0.1	0.00340588	1.340932227281173e-05	2.864920218182215e-06	0.0004079200365463503	0.09043681405926568	-20.8397919216377
0.1	0.00340588	4.975685625701057e-05	3.556211267259731e-07	0.0005207830575349919	0.14190819435175892	-19.398004171968527
0.1	0.00340588	4.3453553931172326e-05	2.4393227777985195e-07	0.0006167044992783189	0.15744729934612328	-19.597636028631474
0.1	0.00340588	4.50030674740973e-05	5.190783820677302e-07	0.00047533874216909225	0.1286949571674909	-19.464846013349003
0.1	0.00340588	5.909072550057707e-06	2.4925800925660326e-07	0.0011849687261074053	0.15587575769101747	-21.571402144606893
0.1	0.00340588	1.735180328948431e-05	2.0123722276858603e-07	0.0008893682483205517	0.16603065089013375	-20.56103742718967
0.1	0.00340588	2.5400071672045178e-05	6.542397274198839e-07	0.0005327614039907681	0.1215321108268813	-20.02391838615038
0.1	0.00340588	2.0990018563720386e-05	3.158888629835436e-05	0.00016065168343144516	0.061989160193219296	-21.138691100058505
0.1	0.00340588	7.477328606259287e-06	9.421584235861751e-07	0.0007126644055402372	0.11183156565147248	-21.21268516032276
0.1	0.00340588	3.9861041978137475e-05	8.132137081593107e-06	0.0002004075120498664	0.07105448476670083	-19.838848851488226
0.1	0.00340588	3.782980286112554e-05	1.9569004842105037e-06	0.00032561694425310424	0.0966828459075315	-19.75766896337624
0.1	0.00340588	5.055162946290348e-06	3.7763779536187016e-05	0.00025364753816293725	0.06173225669562525	-22.338562357470227
0.1	0.00340588	6.943031073114149e-05	2.498276180995555e-07	0.0005241660416992325	0.1565671777607221	-19.12310985870986
0.1	0.00340588	1.4518413286086125e-05	1.7365783390206262e-06	0.00046723389788175213	0.0989210529778643	-20.657997481793743
0.1	0.00340588	4.314613870220711e-06	1.794061716385911e-07	0.0014650387312861053	0.17141396648892962	-21.96323922839241
0.1	0.00340588	7.866300250304705e-06	1.1235126186529872e-05	0.00031608209500233524	0.06759977288018786	-21.373878335745747
0.1	0.00340588	4.560830350090842e-05	4.262092992616256e-07	0.0005049942159779454	0.13530193234125198	-19.465151283486783
0.1	0.00340588	3.894327345215108e-05	7.244672043839064e-07	0.00044690380509520346	0.11860681399804739	-19.599499037304206
0.1	0.00340588	5.9571625345336606e-06	6.652013780738284e-07	0.0008610834303921655	0.12126275541149678	-21.43392153422177
0.1	0.00340588	4.6939754128606505e-05	2.1169498744743476e-05	0.00013874419135313483	0.13988496197170877	-24.973171001795336
0.1	0.00340588	1.384557584061452e-05	9.696991004981144e-07	0.0005738132440208422	0.11096156993347694	-20.621249366011934
0.1	0.00340588	3.691165705695254e-06	1.2357260295493696e-05	0.00040313899807481137	0.06728733477498307	-21.995322587454194
0.1	0.00340588	1.3383613103313189e-05	2.624062905311752e-07	0.000888432702158066	0.1537921570133668	-20.756228954048833
0.1	0.00340588	6.566939531732261e-06	2.659422998947818e-07	0.0011201577048187	0.1530892258658418	-21.454545484692563
0.1	0.00340588	7.346565555104076e-06	2.488103969695015e-06	0.0005245692384828718	0.0931311078087094	-21.373615010405448
0.1	0.00340588	1.1701909428914007e-05	1.679208924033691e-05	0.00024148046037466146	0.0641768560622399	-21.20111130039768
0.1	0.00340588	2.6523300248491027e-06	3.9616981772140745e-05	0.0003207477544274253	0.06181433939113336	-22.71136621292352
0.1	0.00340588	5.6234865633109755e-06	2.1269067758499904e-07	0.0012684363235697976	0.163050446860968	-21.658392166968245
0.1	0.00340588	7.364632282850558e-06	2.758972813697047e-07	0.0010654015989401556	0.1515479371851921	-21.335136472206255
0.1	0.00340588	7.198857880102723e-06	1.4373175496785884e-05	0.00030161071017002316	0.0654039633540738	-21.52609950586713
0.1	0.00340588	1.0632370148640912e-05	8.92737736783101e-06	0.00030600365125751976	0.07020893562178619	-21.072487120000307
0.1	0.00340588	4.169862318598624e-06	2.4830473001493457e-06	0.0006387638720753931	0.09356349814891145	-21.87932082442607
0.1	0.00340588	2.7497062354422685e-06	5.704899845420118e-07	0.0011761703657675567	0.12626268383177025	-22.16919010919243
0.1	0.00340588	3.966663885364999e-06	1.2317958851621263e-05	0.00039299203951295996	0.06723977412062215	-21.94132713293935
0.1	0.00340588	3.195679297167098e-05	4.5418238341728865e-05	0.00012352166522889465	0.06161520408985291	-21.078543446381694
0.1	0.00340588	4.736596917375175e-06	2.4239875590739107e-06	0.0006156844397919316	0.0938546091017	-21.76333724931193
0.1	0.00340588	2.9748793056554463e-06	1.994579151883576e-05	0.00037726877132861995	0.06392632455328964	-22.294726779661453
0.1	0.00340588	4.3315451653566104e-05	1.885040943846121e-06	0.00031498992964084944	0.09730749345287155	-19.616038440777082
0.1	0.00340588	6.993181593316464e-05	8.424234392357025e-07	0.0003500634462744093	0.3500634471082112	-24.999999991065913
0.1	0.00340588	1.4545537885003275e-05	1.063282457191962e-05	0.00025929010450546295	0.06786656438535224	-20.827109188707112
0.1	0.00340588	5.153678003484578e-06	1.3108380485189605e-06	0.000727463749295716	0.10461039879818479	-21.58322690044935
0.1	0.00340588	4.6097907389213164e-06	3.59429738570171e-07	0.0011440746412356856	0.14127929718277768	-21.74128860985145
0.1	0.00340588	3.558937040328019e-06	3.0169601817544706e-07	0.0013208984848618465	0.14804559706870243	-22.01675627430247
0.1	0.00340588	5.151854118018674e-05	1.891978420645801e-07	0.000634087693939224	0.16969218751872045	-19.48936730525216
0.1	0.00340588	1.1043171455851172e-05	6.707714062149192e-07	0.000697697123633501	0.12084125637833237	-20.840762395996048
0.1	0.00340588	3.27394253019155e-06	3.0836886057938297e-07	0.0013492445646359173	0.1472235683390542	-22.091052409240223
0.1	0.00340588	3.6074034659972794e-06	3.230193478134379e-05	0.0003025521199860307	0.06211100324832611	-22.43518831943514
0.1	0.00340588	2.227761380996427e-05	1.35991845030054e-06	0.00043807445006355993	0.10339958147123693	-20.19618256511732
0.1	0.00340588	3.0144400959678682e-05	6.794179954366646e-07	0.0004971022895042021	0.12044499799766685	-19.853110242826958
0.1	0.00340588	3.044015039440518e-06	3.401233875748223e-05	0.00031808441525661425	0.06205818957820995	-22.556432882005502
0.1	0.00340588	1.8963453133038302e-05	1.988179441403221e-05	0.0001931986282453386	0.06328926147219727	-20.88905922275295
0.1	0.00340588	4.958305207931613e-06	2.3434272021175218e-05	0.0002962490882534692	0.06292155837438662	-22.046530190036428
0.1	0.00340588	6.728493150954709e-06	2.2669568448454213e-06	0.0005570455551804791	0.09303054553309749	-21.36406029340111
0.1	0.00340588	2.352932800300428e-05	2.8434035700239246e-05	0.00015973129310054224	0.06221179816850729	-20.958540908857092
0.1	0.00340588	7.028177676876885e-06	3.636261675906605e-05	0.0002270279524192892	0.061747230363156255	-22.097241023994265
0.1	0.00340588	2.685279439812105e-05	4.285954923115928e-06	0.0002825388173353182	0.28497124349413017	-24.96824841418527
0.1	0.00340588	2.7241241210260772e-06	1.3816592996753933e-06	0.0008922242853804393	0.1040883511551905	-22.157945491924842
0.1	0.00340588	3.981942263131304e-06	9.075662967540179e-07	0.0008938265994537636	0.11311503554680737	-21.801802324531963
0.1	0.00340588	4.829555842388439e-06	7.640690297066119e-06	0.0004249700199828478	0.07329240968025283	-21.747749018698308
0.1	0.00340588	2.0516678775460465e-05	1.4910098323486653e-06	0.0004370114548192993	0.10162239972381733	-20.293154906736802
0.1	0.00340588	2.244935517438653e-05	3.366609553848549e-05	0.0001537558250393073	0.06189152006251569	-21.132093192706375
0.1	0.00340588	2.3741018944779036e-05	1.7803572460854375e-07	0.0008349942955913891	0.17235977231039526	-20.282313264887907
0.1	0.00340588	4.660364856122113e-06	4.6256176046653396e-05	0.00024576992359177924	0.06147413414807008	-22.525935764040444
0.1	0.00340588	7.049612972140661e-06	3.6976103385537516e-06	0.0004685756124690579	0.08622906583341723	-21.45684529080741
0.1	0.00340588	7.11179826811481e-05	1.7056343453769733e-06	0.00027573219734478737	0.2758922151818715	-24.998012598049783
0.1	0.00340588	3.663544244763117e-06	3.6497307355702846e-05	0.0002897625028089773	0.06186000017403193	-22.50244427490611
0.1	0.00340588	3.326332265201601e-05	1.21716797188316e-05	0.00018679418979038642	0.06637097561934312	-20.117438585647648
0.1	0.00340588	3.015973281006399e-06	2.7683181860591083e-05	0.0003397741911214144	0.0625920040218853	-22.444820686705867
0.1	0.00340588	2.1108875256591903e-05	4.023065413931862e-06	0.0003130415588985198	0.0840002344834778	-20.438566996615535
0.1	0.00340588	3.2160761880321424e-06	3.364971925512056e-07	0.0013198522279009408	0.1439329991857211	-22.093480621529206
0.1	0.00340588	2.37601775037783e-05	2.8220997556147953e-06	0.0003377396297728239	0.09051480193138314	-20.290361856751083
0.1	0.00340588	9.071322740990859e-06	2.3442000347479091e-07	0.001048196401082471	0.1586247098191795	-21.166367127514963
0.1	0.00340588	3.5102742428524582e-06	3.2221207776013413e-07	0.0012992431673239696	0.1455292411266068	-22.018759504455836
0.1	0.00340588	7.553542853005551e-06	1.666575773845601e-07	0.0012449759786405466	0.17521787562790997	-21.44051680499038
0.1	0.00340588	8.53896119435833e-06	2.9841545074206458e-05	0.00022501309238674532	0.062096396906556335	-21.816690519802936
0.1	0.00340588	6.487558308804049e-06	8.97224709203095e-06	0.00036358652685463565	0.07053409311130232	-21.501773135756732
0.1	0.00340588	7.922736783508915e-06	1.4513820164895076e-05	0.00029053620040674056	0.0652790125225036	-21.453030659536847
0.1	0.00340588	2.545792334929505e-06	5.130876885323804e-06	0.0006067700594208434	0.08146691686059339	-22.30939629978558
0.1	0.00340588	5.2286964247283006e-05	2.858795527462618e-07	0.0005505317136072193	0.15061903208386385	-19.38164758466588
0.1	0.00340588	5.473958273940968e-06	1.5912703271905003e-07	0.0014069110777319834	0.17765141861455214	-21.7705505278565
0.1	0.00340588	3.174044458305091e-06	7.599551711396334e-07	0.0010220685621725536	0.11792041892066783	-22.01665690348425
0.1	0.00340588	2.024237954283974e-05	4.355836419897068e-06	0.000309397670243375	0.08247501911422572	-20.479159530601585
0.1	0.00340588	3.579379462177076e-06	7.715426311290696e-07	0.0009761256145773001	0.1174133615747156	-21.90560758302765
0.1	0.00340588	2.7595179498996568e-05	3.2562031928586966e-06	0.00030633413894050365	0.30886551084496694	-24.975306732218318
0.1	0.00340588	8.840938627098138e-06	2.002317108452659e-06	0.000527993155966054	0.0966476129122469	-21.15815798769171
0.1	0.00340588	7.734297545877593e-06	2.2129463101084533e-06	0.0005351663150586915	0.09352030368900667	-21.23871953663052
0.1	0.00340588	5.882711395200598e-06	1.0029100484011603e-06	0.0007576581461456907	0.11042403853001288	-21.44079242296075
0.1	0.00340588	7.465125787078091e-06	3.232442931264516e-07	0.0010075310533357406	0.14519199030347507	-21.29256915343578
0.1	0.00340588	4.279750384651311e-05	8.787769750300905e-06	0.00019074797470335368	0.06996920879360521	-19.78349176695771
0.1	0.00340588	5.1353756313700884e-05	1.7344127628139395e-07	0.000653250446000202	0.17419725995999183	-19.51785152683086
0.1	0.00340588	2.995870271425308e-05	4.692720328411273e-05	0.00012498458309348167	0.06156855270127878	-21.1621301569447
0.1	0.00340588	6.756797440396146e-06	1.3508057431423109e-06	0.0006568642468126254	0.10386641553285685	-21.335835471973198
0.1	0.00340588	7.5099062026275076e-06	1.6976455211246963e-06	0.00058871061691675	0.09954756245850667	-21.2755315275515
0.1	0.00340588	3.668206766624127e-06	2.6981301202936665e-05	0.00031765558076466094	0.06257763629585264	-22.319052176741742
0.1	0.00340588	1.1018136733319103e-05	7.573321216391033e-06	0.00031870078718165655	0.07264417290993327	-21.02910281874396
0.1	0.00340588	3.2388534322889594e-06	3.479443644746859e-07	0.001302614074041192	0.14267248935760607	-22.081079888287835
0.1	0.00340588	1.8284527027195492e-05	4.3485661181221685e-05	0.00015216718504100328	0.061536879090401904	-21.51173898066549
0.1	0.00340588	4.5210868274525184e-06	2.2420704520382885e-05	0.00031085768264942255	0.06313118054329453	-22.083508795890392
0.1	0.00340588	3.5882936509623443e-06	1.7951097099950134e-07	0.0015584566430769512	0.17146653686101412	-22.14030335126014
0.1	0.00340588	8.08244715836889e-06	3.588408784608442e-06	0.00045120753593676493	0.0866765170899265	-21.332072716152688
0.1	0.00340588	8.637913158339092e-06	5.588255418599269e-06	0.0003824563165952866	0.07820628685407918	-21.260850674113648
0.1	0.00340588	1.574499736084281e-05	2.329073293843846e-06	0.00041315652393471985	0.09391065400360255	-20.648216850464333
0.1	0.00340588	1.1986621366162591e-05	2.4693930617943825e-07	0.0009397933632574887	0.15638917882696235	-20.879028629209646
0.1	0.00340588	4.24589518235956e-05	7.700856296148399e-07	0.00042559487180742514	0.11690247848564031	-19.514177187770425
0.1	0.00340588	1.1002191752438384e-05	1.0917998466825723e-05	0.0002833748492563797	0.06770396568169255	-21.080245078916988
0.1	0.00340588	5.1907874869476265e-05	2.7505422605927457e-07	0.0005589291742795234	0.15224808079521887	-19.395930631738686
0.1	0.00340588	9.136608873563615e-06	2.377947082302882e-06	0.0004939620122055321	0.09377694837019429	-21.163378253805767
0.1	0.00340588	6.844149799361381e-06	3.8016126797372766e-06	0.0004692278566871073	0.08575347233893645	-21.484698642715315
0.1	0.00340588	3.868678970109294e-05	1.3551928442153937e-06	0.0003646221845349188	0.10341830055881146	-19.654775067306794
0.1	0.00340588	2.774151574671518e-05	5.5018675867489336e-06	0.00025749574914838726	0.2698754917724708	-24.817433619453816
0.1	0.00340588	4.472409700688405e-06	1.478294890819203e-06	0.0007350347430420971	0.10235309158373716	-21.72758413880938
0.1	0.00340588	1.9408035051566678e-05	2.2548093641163537e-07	0.000825685812054483	0.16068122146649585	-20.420595991729297
0.1	0.00340588	2.3726747991561077e-05	6.9100647314824e-07	0.0005353181888873487	0.11994446298446541	-20.090055376560912
0.1	0.00340588	4.4232569853549794e-06	8.634185671174984e-07	0.0008761544479012802	0.11431235673505398	-21.705014600677043
0.1	0.00340588	4.6228685829195334e-05	4.151032487245747e-07	0.0005071260591113406	0.13623262944808046	-19.454153243270376
0.1	0.00340588	3.103123792976906e-05	4.908873552442672e-05	0.00012169245919643999	0.061543259333909	-21.170662480572062
0.1	0.00340588	3.729761141755496e-05	2.539967723314357e-06	0.00030024774192067216	0.09223238977892537	-19.83397477896488
0.1	0.00340588	3.824179801479694e-05	3.3606234725117845e-05	0.0001280183083225779	0.13406110957161194	-24.846862844892595
0.1	0.00340588	5.6052611512276474e-06	2.1048628225440093e-05	0.0002927931489126768	0.06329741957447399	-21.900369512410276
0.1	0.00340588	7.389128450901852e-06	1.1104669790217087e-05	0.0003244112975595265	0.06777190741291671	-21.423235254280833
0.1	0.00340588	5.1201237604154105e-06	5.81742569798313e-06	0.0004536779877808327	0.0780057677903431	-21.71860807048057
0.1	0.00340588	7.930281604725196e-06	1.891952827657585e-05	0.00026695599765012205	0.0636564766258144	-21.581514507267112
0.1	0.00340588	3.701502400281787e-05	2.1170112617531968e-05	0.0001504230216962351	0.06312600673292358	-20.33653351778192
0.1	0.00340588	1.1487749248938673e-05	1.0294648271577885e-06	0.0005992203682010015	0.1095709887419889	-20.804928155173805
0.1	0.00340588	6.691858950608117e-06	6.8415872478757184e-06	0.00039198420737916176	0.07476958204363911	-21.47446112698526
0.1	0.00340588	1.9758131955806358e-05	5.305497046763871e-07	0.0006203285525429151	0.1279142107650084	-20.280545674229106
0.1	0.00340588	8.310617689843977e-06	2.091519048334848e-07	0.001119937876527782	0.16387350100986287	-21.280929178715514
0.1	0.00340588	4.1657138216818285e-05	2.915894799374403e-06	0.000276437642994804	0.08978350139360074	-19.752472194080976
0.1	0.00340588	5.397212564663448e-06	4.120638887222965e-06	0.0004969064618334531	0.08447981340868777	-21.695406283850417
0.1	0.00340588	2.9764655677350827e-06	2.2619290836625723e-05	0.000363048027420658	0.06333160714631302	-22.350646039195333
0.1	0.00340588	2.6894843353415015e-06	5.559956743193878e-06	0.0005800934344992253	0.07986538131967247	-22.256294339514003
0.1	0.00340588	7.540090881693141e-06	4.1325264270988944e-05	0.00021255666112481744	0.06156195439710864	-22.14234662106682
0.1	0.00340588	4.5871542755245744e-05	1.826356439213414e-07	0.0006664836563918504	0.1714217729752703	-19.616143572295528
0.1	0.00340588	5.323862942330952e-06	1.2915749898051513e-05	0.0003478606182644648	0.0665103323979607	-21.727607005957946
0.1	0.00340588	9.331409737227582e-06	9.38028279837129e-07	0.0006623085854781806	0.11186998374398464	-21.000789356764365
0.1	0.00340588	5.491158623981996e-05	3.047277298510075e-06	0.0002483110315496639	0.25265661414247	-24.939433872317363
0.1	0.00340588	1.704743982980405e-05	1.992544828796487e-05	0.00020034518998942458	0.06328291250454747	-20.982562702182374
0.1	0.00340588	7.783030433954115e-06	1.692483261414436e-05	0.0002784382611339286	0.06426345285003529	-21.537544097439326
0.1	0.00340588	4.696038553850608e-05	2.6266373159746436e-07	0.0005865847786392078	0.15419808716552244	-19.504980605365
0.1	0.00340588	5.56218107890312e-06	1.9615447030530283e-05	0.00030019363440763155	0.06362259617081462	-21.867717337750335
0.1	0.00340588	2.9677290283093428e-05	2.2016074713855265e-06	0.00033988689296241497	0.3433840325879654	-24.96073732134484
0.1	0.00340588	2.292437063962966e-05	4.502110994075549e-05	0.00013901707909667646	0.06154088684825305	-21.35352191598396
0.1	0.00340588	3.9691688462476213e-05	3.6256396121268603e-06	0.00026155191258654784	0.0857735421962928	-19.82540918277552
0.1	0.00340588	3.1666303163041693e-06	2.8993625566503528e-05	0.00032879197330431013	0.06243377771176423	-22.443439067598135
0.1	0.00340588	2.3733517714177194e-05	1.8737551351807722e-06	0.00038620133761035403	0.09749209911976087	-20.20271827028738
0.1	0.00340588	5.364799924420666e-05	2.516765252163471e-07	0.0005693291535886156	0.15612977879053402	-19.38028217056367
0.1	0.00340588	3.0743704690399495e-06	2.984274637517036e-06	0.0006711155106452377	0.0908367405590615	-22.164087985916996
0.1	0.00340588	6.212004638435928e-05	5.87517052212092e-07	0.00040999810869197465	0.12482901849568466	-19.13904967099379
0.1	0.00340588	3.3150894909497027e-06	1.9966703571407386e-06	0.0007415110491836843	0.0973221188514746	-22.040589970579063
0.1	0.00340588	1.0698325854773074e-05	1.317046466341295e-05	0.00026942958939941774	0.06591123726368228	-21.164672929627525
0.1	0.00340588	7.584401035192841e-06	6.118478614100521e-07	0.000815388872998567	0.12361452622065737	-21.207805260980354
0.1	0.00340588	1.884663159468318e-05	8.315798373946683e-07	0.0005441033867382268	0.11483932431357952	-20.315993921685585
0.1	0.00340588	2.7240773349152738e-06	1.1490675296554491e-06	0.0009454746428394525	0.10790794834978347	-22.147119231139314
0.1	0.00340588	2.2838352467488922e-05	4.6063280973471817e-07	0.0006191430622397266	0.13252266320182526	-20.146804029432932
0.1	0.00340588	3.0032236598984677e-05	8.046783696487728e-07	0.00047080554943120564	0.11570273814433851	-19.856788416955055
0.1	0.00340588	4.4321631247959026e-05	1.27168622836404e-05	0.00016705525210200541	0.06602383676063286	-19.868657453086566
0.1	0.00340588	4.119770704250609e-05	2.0351683712153403e-05	0.00014691093020266434	0.1510940788254448	-24.904759413481848
0.1	0.00340588	1.1702860453410484e-05	1.4875968828801361e-05	0.00025104713209416564	0.06494417178001677	-21.140278376799483
0.1	0.00340588	9.55953924354835e-06	3.242114482768838e-05	0.00021043830821611793	0.061918644376522086	-21.79196846163028
0.1	0.00340588	1.2789404618894803e-05	4.04859802801914e-06	0.0003706259197170569	0.0841253586322782	-20.912745701706818
0.1	0.00340588	1.9066314752474294e-05	5.886876897220911e-07	0.000606741689976245	0.12468266916345186	-20.31049897392723
0.1	0.00340588	3.5361781654864646e-06	1.3909620600601413e-05	0.00039485841276961807	0.0662267581388644	-22.054135873243773
0.1	0.00340588	8.888788322954455e-06	5.687634352445173e-07	0.0007915509833789017	0.12577722407107841	-21.059064048250026
0.1	0.00340588	2.816689805356993e-06	2.08321505263144e-06	0.0007749000681241057	0.09678824566987221	-22.186014542943894
0.1	0.00340588	5.6834023724633476e-05	3.166823295473187e-06	0.00024237225474084463	0.24259602630420984	-24.996821541205534
0.1	0.00340588	3.1442120292008344e-05	2.52387446769178e-06	0.0003187058570053446	0.0923807799314914	-19.998349609970283
0.1	0.00340588	4.783497590668444e-06	2.5123645138428075e-07	0.0012685289703626267	0.15556696317328397	-21.774136246181563
0.1	0.00340588	2.6804403296987094e-05	8.32423745169675e-06	0.00022755941030432457	0.07078445540719748	-20.2178378882011
0.1	0.00340588	3.434598727866761e-05	3.2463889313630914e-06	0.0002847772840957209	0.08787649040539691	-19.955294100570413
0.1	0.00340588	3.9601357777501895e-05	1.4481529165931302e-06	0.00035400107640162076	0.10211081440186559	-19.643973493217526
0.1	0.00340588	8.717883558217323e-06	1.8318544975394088e-06	0.0005459586685622248	0.09816014277289939	-21.15221742586526
0.1	0.00340588	1.9486418818261345e-05	6.27147857456475e-07	0.0005900130335300213	0.12277740758893561	-20.28669284630305
0.1	0.00340588	4.464280538941944e-05	4.505147931994041e-06	0.0002340902371996228	0.08153410387997823	-19.71752402123683
0.1	0.00340588	2.5374533877910967e-05	2.4301497627448346e-07	0.0007373084109743716	0.15736970355612204	-20.13691807954148
0.1	0.00340588	3.266180780177119e-05	1.8623521687568109e-06	0.0003476731156643526	0.36480152104281693	-24.812196650365358
0.1	0.00340588	7.601729319392033e-06	3.923208409755381e-06	0.0004478692007733485	0.08507724467851914	-21.390989696914104
0.1	0.00340588	2.553580256551653e-06	2.02902413686657e-05	0.0003979166702235963	0.06396464924107874	-22.392201405654394
0.1	0.00340588	2.1594861840658413e-05	5.012505400998281e-07	0.0006135490199737388	0.12972334927155268	-20.19596225047111
0.1	0.00340588	4.908046395044578e-06	2.982602105539184e-06	0.0005692546633457388	0.0903632380624023	-21.763244773264613
0.1	0.00340588	9.267517037947454e-06	1.8549146550222902e-06	0.0005325608142428437	0.09792200676256657	-21.097632225505514
0.1	0.00340588	1.662212888752552e-05	1.6379317617142653e-06	0.0004549417378931258	0.09992820779517506	-20.515656691631364
0.1	0.00340588	4.0099023807943705e-06	1.8288611224117925e-05	0.00034629439321029655	0.06417874045199967	-22.06338185874649
0.1	0.00340588	4.1280034713884185e-06	5.346254049447407e-06	0.0005031222084954881	0.07988551239041097	-21.909819184645656
0.1	0.00340588	2.6437603310971772e-05	1.459165137261123e-06	0.0004042093836150044	0.1019976596474818	-20.042336742037506
0.1	0.00340588	4.284302787696241e-05	6.41934921846768e-07	0.000450513166829304	0.12211853171252078	-19.506263991093302
0.1	0.00340588	6.185517192516755e-06	1.7348072764329813e-05	0.00030016098220859863	0.06422376877486856	-21.727177517320648
0.1	0.00340588	1.1666473455187248e-05	1.7903415249602378e-05	0.00023682379178531946	0.063828485170983	-21.238916753124624
0.1	0.00340588	2.7534248113393096e-06	1.188883215248108e-06	0.0009319088599761401	0.1071585646447607	-22.13896511166187
0.1	0.00340588	8.027389237210879e-05	2.720564136479773e-07	0.00048575755157194336	0.4857575602830841	-24.999999930462575
0.1	0.00340588	2.0833651115614383e-05	3.858252642969688e-07	0.0006763512241392125	0.13868021910779865	-20.256074617339902
0.1	0.00340588	4.687509427584559e-06	6.255980142178213e-06	0.0004575168469756431	0.07678559324306775	-21.786903245306696
0.1	0.00340588	6.495613470186494e-05	3.960625733334363e-07	0.0004601296280687094	0.13797990580336647	-19.11925690002955
0.1	0.00340588	4.132582419122159e-05	8.336000092469021e-06	0.00019637945561639604	0.07069655499796676	-19.8079368520071
0.1	0.00340588	3.289748763146631e-05	3.6225431553760094e-05	0.00013156872046243405	0.06186994822546387	-20.86173969154319
0.1	0.00340588	3.34972208936456e-05	7.853631921205243e-06	0.000215002978272948	0.07159471788586662	-20.00037954148054
0.1	0.00340588	3.5323570810853173e-06	2.5484910895232076e-06	0.0006714556411920571	0.09328794607553619	-22.02702129514313
0.1	0.00340588	8.607175566693073e-06	1.676411854728603e-05	0.000269404076369485	0.06428051693194657	-21.45255632643451
0.1	0.00340588	3.672264648188238e-05	1.91996978720328e-05	0.00015569797710153404	0.06350286493249158	-20.276455366001027
0.1	0.00340588	6.392377764890466e-06	2.395777669248661e-05	0.000267911270060136	0.06275654767052871	-21.88237615771507
0.1	0.00340588	2.0611023712919984e-05	3.8048576571555045e-06	0.0003214083960625701	0.08508282677351352	-20.4592740314978
0.1	0.00340588	4.889456746766068e-05	9.677361554054061e-06	0.00017669589242165672	0.17812452699152517	-24.9725178851405
0.1	0.00340588	3.2778279809291236e-06	9.162970881257139e-07	0.0009525888417425733	0.11302658825617395	-21.98012867455966
0.1	0.00340588	1.0115644213444048e-05	1.1091128422258655e-06	0.0006105453736500209	0.10789165474496668	-20.932406045258837
0.1	0.00340588	1.625271972635188e-05	3.1812655447847107e-07	0.0007821904188026302	0.14591532040618063	-20.528769320530486
0.1	0.00340588	1.990524924146209e-05	6.541644099735678e-07	0.000577823868423225	0.12153244113185849	-20.264473858673348
0.1	0.00340588	4.799680429217886e-05	1.3754618476476734e-05	0.0001585012756494765	0.15990461282068702	-24.97032770954566
0.1	0.00340588	1.4126407061821687e-05	1.8157766715830547e-06	0.0004647845086353094	0.09815072501515194	-20.69416626316012
0.1	0.00340588	4.345094244808668e-06	3.9371898555161605e-05	0.00026519867856172104	0.06169523486756451	-22.45653448843587
0.1	0.00340588	8.035620616984541e-06	8.778515674958204e-06	0.00033947484735208415	0.07065628382100644	-21.315753717963517
0.1	0.00340588	1.1163045902219391e-05	7.767569850916862e-07	0.0006628926887332981	0.11673584498304074	-20.826613837238828
0.1	0.00340588	5.8230750152951485e-05	9.192926132294718e-07	0.000361475393654132	0.11221584293550914	-19.205408872731883
0.1	0.00340588	2.712114027022475e-05	3.7589986235286726e-07	0.0006251452787800925	0.13969589882503164	-19.996399943871562
0.1	0.00340588	5.882265832345333e-05	2.0709664134298944e-06	0.0002755827285799199	0.27562301123969996	-24.99949218848742
0.1	0.00340588	9.636384904675438e-06	1.8000529427152458e-05	0.0002529725092737775	0.06384794832738255	-21.398981666438623
0.1	0.00340588	5.090030572122097e-05	3.136114429797895e-05	0.00011875970134728269	0.1188257975623583	-24.998283788619794
0.1	0.00340588	2.119215022327851e-05	2.756557660183306e-05	0.0001672970317337562	0.06226759607514447	-21.024959841086986
0.1	0.00340588	5.481500874017714e-06	3.318789994162326e-05	0.00025610834297724877	0.06194465154104077	-22.199693530604378
0.1	0.00340588	3.8965982394507543e-05	4.38361802470462e-06	0.00024727762784662133	0.08210552605603445	-19.849924735083743
0.1	0.00340588	8.413270525806433e-06	8.907689699147787e-06	0.0003324756892071517	0.07041463691684426	-21.27694067095009
0.1	0.00340588	1.8620604200816367e-05	1.659181371260371e-07	0.0009256789408453212	0.17590598586566636	-20.547141568597866
0.1	0.00340588	2.7654454818197003e-05	9.210831807333836e-06	0.0002178409466475265	0.0693998811819621	-20.20509488117532
0.1	0.00340588	7.443364742286675e-06	3.349934256782278e-06	0.0004746392087192546	0.08799429729551006	-21.4021876092697
0.1	0.00340588	8.559649624481284e-06	2.1999015755491692e-07	0.001090911850497242	0.16151232709321572	-21.2389683565049
0.1	0.00340588	4.233346788095122e-05	1.410565482027115e-06	0.00034920704930469176	0.10262014536897689	-19.57296892849648
0.1	0.00340588	3.0200495943401257e-05	6.783216109279407e-06	0.00023362091471011836	0.07397866565670337	-20.090006326139168
0.1	0.00340588	2.90095649749035e-06	1.6978261473053672e-06	0.0008178996394116201	0.10020706900333079	-22.128303369336283
0.1	0.00340588	4.8317476848211726e-05	1.595232011312937e-07	0.0006851594618361457	0.7190862868756753	-24.81094062107239
0.1	0.00340588	4.241197262517562e-05	1.078923655801588e-06	0.00038108956311998715	0.10832873436170808	-19.532352649510393
0.1	0.00340588	3.5934333487888596e-06	9.675638141603398e-07	0.0009071739378843503	0.11161311231984963	-21.895593342934934
0.1	0.00340588	1.3013241011844897e-05	6.600827457687211e-06	0.00031448900100816403	0.07484462792721851	-20.87795914018007
0.1	0.00340588	8.605794650887708e-06	8.675199974129044e-07	0.0006980034542126115	0.11386926728822297	-21.077369170199145
0.1	0.00340588	8.974895142689838e-06	2.1964289321664068e-07	0.0010744616655202295	0.16159587391341237	-21.192746263386407
0.1	0.00340588	4.786477879854657e-06	1.7840230924302446e-06	0.0006762915949666706	0.09893023452376294	-21.697151504818773
0.1	0.00340588	2.7055631676417202e-05	1.2961965016009503e-06	0.00041695010749209386	0.10434909232969836	-19.99872449158207
0.1	0.00340588	1.577921421862386e-05	4.3754424630827945e-05	0.00015997350510819848	0.06151344100266437	-21.635842237851698
0.1	0.00340588	4.0727280413436915e-05	2.3187041483718424e-05	0.00014135554630211435	0.1456725889353194	-24.898671934184822
0.1	0.00340588	1.4549747667273968e-05	4.603320625775966e-05	0.00016200462464001348	0.06145692241609633	-21.74122765304061
0.1	0.00340588	8.034328878534067e-06	1.707305754124078e-05	0.0002745218436854048	0.06419979341162294	-21.516772241258106
0.1	0.00340588	6.188544977840404e-05	2.8515448538971245e-07	0.0005211747658994226	0.1507889250907849	-19.21305567135576
0.1	0.00340588	2.6553182662670845e-06	6.52626416954063e-06	0.0005546344920008411	0.07696529284280429	-22.244581327586236
0.1	0.00340588	3.18519204900172e-05	1.70011567220663e-07	0.0007694835857502342	0.17494701072855626	-20.002765389983114
0.1	0.00340588	4.89110768887423e-06	2.3326924556277214e-07	0.0012897636617935503	0.15883433698618146	-21.77019227172641
0.1	0.00340588	2.8203266331497906e-05	4.0541227305992087e-07	0.0006019501267015973	0.13696717246314136	-19.949279097501382
0.1	0.00340588	1.7375223618512822e-05	4.283529857312201e-07	0.000694179805198395	0.13495431174301104	-20.424692214464343
0.1	0.00340588	1.1370386325790475e-05	1.6305284181497125e-05	0.00024624986409512594	0.06435732697607999	-21.20973585004418
0.1	0.00340588	8.907808416269964e-06	3.261701892674929e-05	0.00021546186536807005	0.061912391656378817	-21.849110582984114
0.1	0.00340588	1.4533275660886603e-05	3.938539673109345e-05	0.00017032048700802097	0.06162377476844668	-21.616774162614828
0.1	0.00340588	5.28227130821396e-05	2.1235337557605287e-06	0.0002833472892786812	0.09380754822909987	-19.391292032080404
0.1	0.00340588	4.82507947260521e-05	2.3084135729001195e-07	0.0006066923510264181	0.1600081990030627	-19.50504447262464
0.1	0.00340588	5.738200230393671e-05	2.6391414950247514e-07	0.0005481617363587739	0.15406763682567842	-19.303327499230967
0.1	0.00340588	1.2771352966741078e-05	2.9072556737452655e-07	0.0008726776785348267	0.14945995623403918	-20.78135739044863
0.1	0.00340588	2.55132213630496e-06	2.4888199013046976e-07	0.00157376673200628	0.15637400960147244	-22.3734938697905
0.1	0.00340588	3.4437907004823862e-06	1.6111626911412066e-07	0.001636463271452258	0.17709281497327162	-22.215592165719123
0.1	0.00340588	4.060951567347212e-05	8.521072748336335e-06	0.00019612977984134001	0.07039068077114656	-19.82805059608459
0.1	0.00340588	8.182475552171817e-06	4.251528853792156e-07	0.0008943104104649653	0.13520812569042923	-21.164045674629662
0.1	0.00340588	8.550317977097536e-06	4.200866349944183e-07	0.0008847259367209882	0.13562026059879942	-21.122389594186885
0.1	0.00340588	5.942679394381814e-06	1.4557874370050985e-05	0.0003219065858615213	0.06542423449396643	-21.681662024469063
0.1	0.00340588	4.316028167328802e-06	5.669656559240474e-07	0.001010513291056564	0.12611228010819223	-21.751431027158887
0.1	0.00340588	4.7546002239384305e-05	1.472515894527348e-06	0.0003312144035200561	0.10178207865567666	-19.46642248736843
0.1	0.00340588	3.252880785012468e-06	4.353701673318204e-06	0.0005843462232707238	0.08409529863161819	-22.126020232767317
0.1	0.00340588	3.8142016289494407e-06	4.805701152413343e-05	0.0002623971285602238	0.06146043689957706	-22.65963588071682
0.1	0.00340588	4.640326769843291e-05	3.987994841970381e-07	0.0005132130054374962	0.1376613009789953	-19.45447964424275
0.1	0.00340588	9.864344203228588e-06	7.98368589804148e-07	0.000684846299840603	0.11601880077998049	-20.94616025225533
0.1	0.00340588	1.7265278059699785e-05	6.4052258637577646e-06	0.00028808612640127747	0.07520620572162097	-20.61724293578191
0.1	0.00340588	4.993428254723003e-05	1.43109762345698e-06	0.00032890124270029095	0.10233035199524061	-19.412409444163274
0.1	0.00340588	9.778534279933894e-06	3.70778583265232e-05	0.0002000566069169835	0.06169639751574853	-21.875033346948648
0.1	0.00340588	4.808938845364658e-06	1.2476588303124936e-06	0.0007568024944064277	0.10566996375955968	-21.6415687383269
0.1	0.00340588	1.404733947114926e-05	5.879012146871556e-06	0.0003180251543142139	0.07689664767300512	-20.811462888991937
0.1	0.00340588	6.550130719146844e-06	1.6168960515617665e-06	0.0006266571493653478	0.10048481235167929	-21.392545483304897
0.1	0.00340588	6.82851168488734e-05	3.3579270832556277e-07	0.00047796936730261873	0.14420258275126985	-19.08865173568006
0.1	0.00340588	6.069533305715964e-05	2.8870362698995e-06	0.00024442227984381327	0.2444223179121572	-24.999999424258238
0.1	0.00340588	1.0061329036480844e-05	3.8922210584874595e-06	0.0004075707137069188	0.08502026680520014	-21.13508740332064
0.1	0.00340588	2.702563957024695e-05	4.232178430809621e-05	0.0001339153147462875	0.061636206304640714	-21.16240933952589
0.1	0.00340588	2.8636896119450496e-05	1.1613659228188533e-05	0.00019960180903398758	0.0668056494910541	-20.238068460682026
0.1	0.00340588	2.6599927228974344e-06	3.3936488957129587e-06	0.0006789329192471445	0.0888478242494762	-22.292075231574998
0.1	0.00340588	4.690267589921195e-06	2.5396007808821696e-05	0.00029497726904844594	0.06266709431788914	-22.13060025291842
0.1	0.00340588	1.9173969600235917e-05	1.0459998482790109e-06	0.0005019889294435978	0.1091098470943672	-20.308718761652578
0.1	0.00340588	4.160933342323255e-06	7.205165771938823e-07	0.0009477065435110433	0.11917837188494088	-21.769357853724827
0.1	0.00340588	3.5549330253080764e-05	1.2485759773708317e-06	0.000385279147411086	0.10510875908477443	-19.724904800704437
0.1	0.00340588	6.117600339143559e-06	4.4080192962500116e-05	0.00022510458242135448	0.061499909975960915	-22.328009662179827
0.1	0.00340588	1.6715655856270065e-05	1.8029888734229207e-06	0.0004400860538851388	0.09822837062450754	-20.531810074374032
0.1	0.00340588	3.920999417570335e-06	7.643160759615262e-07	0.0009490453324650695	0.11760143063846956	-21.821699311488985
0.1	0.00340588	5.8965643973003654e-05	9.978693602536193e-07	0.0003503887327103912	0.11018155682928002	-19.198026108974144
0.1	0.00340588	1.4175945412656326e-05	6.637540343375437e-07	0.0006440597052645064	0.12112424350592065	-20.59708598857455
0.1	0.00340588	6.206263252067874e-05	2.681298354829127e-07	0.0005313714355729591	0.1534118082309317	-19.221600049747423
0.1	0.00340588	2.360028869742643e-05	4.356910731277772e-06	0.0002936195142982843	0.08240036407619387	-20.3330779183019
0.1	0.00340588	2.94002138375926e-06	3.3747579546911925e-06	0.0006561604772324713	0.08880391754725345	-22.20993195469522
0.1	0.00340588	1.0998740391122491e-05	4.5729955689864305e-05	0.00017945373168465708	0.061446393931457524	-21.949707636513487
0.1	0.00340588	1.1083714436938224e-05	1.1961575430984916e-06	0.000577667711575509	0.10620098269643304	-20.852542172348063
0.1	0.00340588	3.182953239575094e-06	5.659001887058173e-07	0.0011215136095288013	0.12637500570675664	-22.035650995736614
0.1	0.00340588	1.5588758422606215e-05	9.469804726733169e-07	0.000555715762405119	0.1115250427049922	-20.504974308274896
0.1	0.00340588	3.2197899695514494e-06	2.0126302871042375e-07	0.0015575457208834964	0.16588295983078624	-22.209957047813685
0.1	0.00340588	2.0870956543685157e-05	5.082627249972585e-07	0.0006177331944799385	0.12927157429516256	-20.22870510049963
0.1	0.00340588	1.536944294639269e-05	4.437336009820362e-07	0.0007147671190748251	0.13373289819339673	-20.54241555015826
0.1	0.00340588	1.0951256432190822e-05	1.1117086177713912e-05	0.0002821901249098142	0.06751186695736479	-21.089055807992743
0.1	0.00340588	3.835814400890028e-06	6.416076671509096e-06	0.0004877735978584037	0.07662492776261438	-21.951286162502033
0.1	0.00340588	5.1487039444298464e-05	2.1302519342782402e-06	0.0002854936613372947	0.2885188953980481	-24.962563473880465
0.1	0.00340588	3.944290418166839e-06	9.068075039839011e-06	0.00043326104565631927	0.07095487748924166	-21.910467791881754
0.1	0.00340588	3.196918602193962e-06	4.275874877569355e-06	0.0005913290498548833	0.08445545813594918	-22.141186719800885
0.1	0.00340588	5.707965891467217e-06	3.3019844174056183e-06	0.0005228583544018866	0.08846087771591765	-21.63950751259986
0.1	0.00340588	2.8588164576625854e-05	8.507065534477642e-06	0.00022104885826223735	0.07046167097732443	-20.160233527786342
0.1	0.00340588	1.99816666666027e-05	2.127709905508776e-06	0.000392594088341238	0.09536676122267178	-20.399400305332204
0.1	0.00340588	7.087408005892622e-05	2.8215058436826575e-07	0.0005001125641543733	0.15129011937605277	-19.07863082650617
0.1	0.00340588	1.2197028740015537e-05	2.881301578341554e-07	0.0008886431552065434	0.14984471312898048	-20.829684315790033
0.1	0.00340588	4.416762485358378e-05	3.1806742832014328e-06	0.0002634096632209582	0.08819092109257903	-19.70795316231408
0.1	0.00340588	2.6059150719694987e-06	4.802265808690261e-06	0.000614093163657494	0.08265345895921777	-22.297957476261857
0.1	0.00340588	2.1615092729908698e-05	4.039973001258056e-05	0.00014692805097036028	0.06164046377769989	-21.31250703929533
0.1	0.00340588	2.6139123743519976e-05	3.6124179502045947e-07	0.0006411111824241012	0.14115644282396342	-20.03829345702346
0.1	0.00340588	1.2026821199691906e-05	4.0097856065889555e-07	0.0008015937286903057	0.13723849457490947	-20.793953890352352
0.1	0.00340588	5.626353847304944e-06	2.3153172321718236e-07	0.0012337184350014576	0.1591477034019649	-21.636397986875345
0.1	0.00340588	1.4188764984838516e-05	3.459046008310524e-06	0.0003764246042823266	0.0870227427809352	-20.808296284377725
0.1	0.00340588	6.720129123568442e-05	5.9389090466014205e-06	0.0001863371149580338	0.18635063560571502	-24.99975905743999
0.1	0.00340588	7.218930616196423e-06	2.312059940226267e-05	0.0002591881950211253	0.06284573016797859	-21.771352391683337
0.1	0.00340588	4.6959999574650457e-05	1.6853354684642396e-06	0.00031809928650094354	0.09927339877374318	-19.509210736784897
0.1	0.00340588	1.2849613094484515e-05	3.8591492038831945e-07	0.0007939738028775612	0.13860854672824613	-20.733489603117036
0.1	0.00340588	6.836061937380056e-05	3.379780904361561e-07	0.00047676941607005643	0.1439497374776912	-19.08668028674457
0.1	0.00340588	4.339262860890442e-06	5.132767266708092e-06	0.0005006416460720197	0.08058607640560435	-21.871441578829415
0.1	0.00340588	2.121376680796017e-05	9.419224841155962e-06	0.00023677435486448551	0.06917648266013589	-20.456079413214937
0.1	0.00340588	3.297334886508395e-05	2.401575297361454e-06	0.00031880106574947456	0.09322093766630304	-19.941282767451664
0.1	0.00340588	1.0527145188857518e-05	1.8528086984602085e-07	0.0010773910244156063	0.1698654695298478	-21.08121790340701
0.1	0.00340588	6.5624701116085525e-06	2.8328968970244773e-07	0.0010976860593615114	0.1504557844676491	-21.44232782379006
0.1	0.00340588	1.827958303883151e-05	2.8275470408088665e-07	0.0007819139232749197	0.15071631351675027	-20.43260106363248
0.1	0.00340588	1.7357233132893687e-05	4.92891278201557e-05	0.00014890576959923586	0.0614180759597821	-21.657154310072606
0.1	0.00340588	2.97868267190762e-06	2.8875065314284576e-06	0.0006857427624533232	0.09142305984082039	-22.187033395298617
0.1	0.00340588	3.1287893018509683e-06	2.2677736312976528e-06	0.0007269928480379956	0.09529956823304526	-22.11164343342927
0.1	0.00340588	1.8987533514342703e-05	1.880033947740549e-07	0.0008828441864558211	0.16944749270442921	-20.48977656218717
0.1	0.00340588	4.766811032601436e-06	8.566136243241719e-06	0.0004118661757232656	0.07153329289170408	-21.757013754548208
0.1	0.00340588	2.7615952151848963e-06	1.001210853059005e-06	0.00098274096541681	0.11103199896649553	-22.133078341374183
0.1	0.00340588	5.963498384761443e-06	3.7775284866545085e-07	0.0010326432350234397	0.1393968192480991	-21.48666029503536
0.1	0.00340588	2.4727573062762058e-05	2.7208843329263927e-06	0.0003372243163713294	0.09114301237802519	-20.2453924115999
0.1	0.00340588	3.079313361395414e-05	4.6684643347695066e-05	0.00012400942223383417	0.0615807436284419	-21.134099565850583
0.1	0.00340588	8.914084464279895e-06	1.9078791625233965e-06	0.0005347776142178649	0.09745812496008954	-21.14006667934821
0.1	0.00340588	9.014186163538289e-06	5.393167292082924e-06	0.00038115808331232626	0.0788441330703057	-21.224715507892856
0.1	0.00340588	1.1499778304305676e-05	1.0049002266622458e-06	0.0006037259683003919	0.11014311319036385	-20.802429000777018
0.1	0.00340588	3.0326120381623534e-05	1.969589162301491e-05	0.00016484144118999422	0.06336091124617753	-20.466960679375045
0.1	0.00340588	3.4075842973491075e-06	5.354945302600501e-07	0.0011151854678789635	0.12801380573482815	-21.977644377234565
0.1	0.00340588	2.028519053750622e-05	4.996349036590484e-05	0.00014033467520793138	0.06143135559767888	-21.542190191312798
0.1	0.00340588	1.2371073372808596e-05	1.5718625699247562e-05	0.00024187934787062447	0.06456204676998409	-21.11989215951084
0.1	0.00340588	5.171841553271498e-05	2.705137450553673e-07	0.0005626866567745037	0.15295943427487962	-19.402706570743096
0.1	0.00340588	3.3585102296095895e-05	1.3574326131516833e-05	0.0001796819431401142	0.06548006285264893	-20.15695754590091
0.1	0.00340588	1.8666406799505706e-05	6.07344040143752e-06	0.0002853801932566251	0.07612814885075556	-20.545516729123747
0.1	0.00340588	4.928745167614067e-05	1.1904514046807087e-06	0.00035096337165808704	0.10612299415996135	-19.394863808638224
0.1	0.00340588	4.533415223304091e-06	4.953844721428432e-07	0.0010377811660733818	0.13027860608231703	-21.71683303588455
0.1	0.00340588	2.5116033552552464e-06	3.250762631741833e-06	0.0007024298707905991	0.08966633545359186	-22.336330295058932
0.1	0.00340588	3.130818496243352e-06	1.3126444543822912e-06	0.0008638512231285469	0.10497562524171064	-22.031210822051154
0.1	0.00340588	9.411342316905963e-06	3.492564316581988e-05	0.0002067093169935859	0.06178984382657976	-21.85861664190524
0.1	0.00340588	1.4527340500502405e-05	2.958904977651871e-06	0.00039282228162394544	0.08983793834558024	-20.76903904987454
0.1	0.00340588	4.285939593245589e-06	2.2376996975046765e-06	0.0006538732715473619	0.09380903882953444	-21.776959372917094
0.1	0.00340588	1.9252299498902232e-05	1.4475335863511686e-05	0.00021295188374519764	0.06502888004036667	-20.693599339261244
0.1	0.00340588	6.090897472370557e-05	4.152003912027593e-06	0.00021662069291579809	0.21662069295943234	-24.999999999317286
0.1	0.00340588	9.393666249188848e-06	4.519643345964608e-06	0.0003977159052268489	0.08221177126339549	-21.196975951366223
0.1	0.00340588	7.937150508404105e-06	1.8748082918715119e-07	0.0011784675221119731	0.16918392298474047	-21.35617644581691
0.1	0.00340588	4.9176132230990966e-05	1.7450080833971913e-06	0.0003096414122637541	0.09864546389161064	-19.472471833894648
0.1	0.00340588	7.567642157497096e-05	1.0847955948625293e-06	0.00031364956340633606	0.3137234406711685	-24.999188024719874
0.1	0.00340588	6.154572830230822e-06	8.574530147915268e-07	0.0007846870250518052	0.11429959136474571	-21.396165318150338
0.1	0.00340588	9.327458868446232e-06	3.0718006740958475e-07	0.0009512162536749739	0.14714045650763646	-21.08133414602572
0.1	0.00340588	4.968132306417067e-06	3.76649274757781e-05	0.0002555194194564714	0.061739383144504424	-22.34741103060557
0.1	0.00340588	5.689334559713431e-06	2.1569012377786317e-07	0.001257775836718039	0.1623949205607249	-21.643415388989713
0.1	0.00340588	7.166658652608042e-05	4.4124779610971063e-07	0.0004297573055990167	0.4297913537681962	-24.9997203202178
0.1	0.00340588	2.7226173817431505e-06	9.711882908621612e-07	0.000997130061644367	0.1117765774117266	-22.146038888617774
0.1	0.00340588	2.937698613664821e-05	2.433720668306393e-07	0.0007021826010388237	0.15736606101145786	-19.99040305794771
0.1	0.00340588	1.4575728448390211e-05	4.5926419766195877e-07	0.0007193664403798856	0.13256880791981007	-20.591523255279174
0.1	0.00340588	1.615241567716912e-05	1.0135642095528033e-06	0.0005371259207684752	0.10987135345519772	-20.4740670636793
0.1	0.00340588	4.346113336280436e-06	1.9714890683753635e-07	0.0014172703408046185	0.16672508024287444	-21.928514047995005
0.1	0.00340588	2.759834091538943e-06	9.200423992576776e-07	0.0010095467971561153	0.1130888024287975	-22.13506457674688
0.1	0.00340588	4.723812917878403e-06	8.43365695204578e-07	0.0008632311079912837	0.11488201484458675	-21.64396140338441
0.1	0.00340588	2.2946563011135986e-05	2.0697463473646857e-06	0.0003781170121235173	0.09580383388113933	-20.259218615222935
0.1	0.00340588	1.0679099865710579e-05	2.5692301941065782e-05	0.00021774245448397483	0.062443948681965594	-21.540213913758752
0.1	0.00340588	2.0448670445337e-05	4.747802430643311e-05	0.0001422470369646832	0.061473488753621464	-21.492765017899405
0.1	0.00340588	1.9362431391855752e-05	1.7621746630887492e-07	0.0008959974984524508	0.17276541161259085	-20.489321715632116
0.1	0.00340588	5.12579371877688e-06	1.0702040116533148e-06	0.0007777144640475879	0.1089867409760995	-21.571752057386075
0.1	0.00340588	1.830721114108845e-05	2.2821253230805509e-07	0.0008384734877526509	0.1601057829044666	-20.475733956818953
0.1	0.00340588	1.5362590353239783e-05	4.956694100114603e-05	0.00015520930793366634	0.06139883831670105	-21.75879715276544
0.1	0.00340588	8.761972621992053e-06	3.225881508443799e-06	0.00045412001635245365	0.08855986323985719	-21.250441759372595
0.1	0.00340588	1.3688983402329748e-05	1.3733812322163883e-06	0.0005144137029497062	0.10329860129950956	-20.66858545314992
0.1	0.00340588	3.2306027976614344e-05	1.3065764165393003e-05	0.00018435248808473475	0.06577376349120394	-20.174992587703272
0.1	0.00340588	1.8994902515441658e-05	1.640453367265142e-06	0.00043471491818638765	0.0998714987871044	-20.387599980924705
0.1	0.00340588	3.4653779760317083e-06	1.728261853375246e-06	0.0007641809515015224	0.09972623673630276	-21.977778213264447
0.1	0.00340588	5.672987668714273e-05	6.053885629750543e-07	0.00041838475772318465	0.12390256172269963	-19.228623856094202
0.1	0.00340588	6.595260642165897e-06	1.4521219503010715e-06	0.0006471071710109318	0.10246963223426624	-21.368601510280175
